10
15
18
21
28
35
39
46
54
60
67
69
79
80
81
86
88
92
93
95
98
100
107
112
116
127
129
134
147
149
152
158
164
166
167
178
183
189
193
194
197
204
218
219
223
247
256
257
321
369
457
555
586
697
777
789
869
999
1043
1234
1315
1766
1984
2022
2333
2399
2578
2669
2681
2898
3006
3087
3210
3302
3488
3511
3535
3865
3998
4235
4443
4496
4667
4872
4900
5231
5454
5630
5787
5794
5886
6124
6226
6394
6572
6832
6899
7041
7315
7528